001100010110011111001001101010011010001110010011101100001110001110110110011100101010100111000110110001111011111010111001001
100011111101000010101101011101010101010111111011101010110010101100111101100110100110011100111110000110111101001110110010101
100101011011111111001011011111011100111100001110101011110000101010000011111010100001011111100110101000110011101111101000110
101100100001010001001011000110101111111001110011101001110011011101101001101011010011000100111010101001010110101110001000100
111010110100110000011101001100110001010011000001100000100111010101111000110010101001100011010000011100110011110011001001001
011010111010010101001001010011111001011110110011011100110101101110101001111011100110010110011111000111101011011101000001100
100100101011000111010010010001101100111001111011010101101010110000101111100000100110100110101110001001111100000111110100010
111110111110101111011010100011001110110110100111110011100001100011100000010101110100110010000111010110000110011101100111000
010000111010000110010010100101101101100100110011101100110011110110111010000110011100111001101110010110111110101001100110111
001100101010100110000011100110100100101101001011111100011110001111100110000101100111100010010110101100110100001100100100001
101000110001101110000000111000111010011000101100111010010111100111000101100111011001100111010111100101011101001101010001100
111011011010100101100111000111010101101011000111010110100010110011110010100011110110011000010111110101111100001110010111001
011001010011001001111001100111001100011010111100000111001111000110100111001110001101000111011101010010010111100110001111111
000110110011100111100110010011001101101001001111010001011111001110111101001101101000011110101111110101000110110011111100101
011100010001111100101101000110101011101001110010100111011010011011111111000111110000101010101100001000110100001111010101001
000111011111100010101001010110011000011101010001100000101001011011011010110010110101110001100100000100111110100111100110000
011011001110010011100000110111101100000011101001110010110010100110010011011010111101011101111100110010000110001110111001110
110111110100110011110000011010100101011011011000110011000010010101101001100111110000101111010110001100001001110100011000000
100110001110101010001001100011001110000111100000110100000000100110111011010101001111001100000101111101011001010010101011110
011111011010011101111000110100110100101011001010100101110110010001100010110011100010101111010101011011110000110000100111100
010010111001001101010111110101101110101010111111101001001110110000000101100011010101100001011010111011110011000101111000011
100011101011101110111010000100001111010011111011010101101111100111110001111000111000110101011100011110111000110010010110010
010110101000010000101011010100011001110111101111001100111000000100001000011100100111010011110010011100101001011100000111101
010010111100100110010100010011011101101010110110011011101011110101000010011100011001111101001010011010100101111001101000011
110101111010111001110100001111001100111001010101111011100100111101101110010011111001001011101111001001001100110001110010010
001100110111001000010001111101000011100110110100111111001001101100110000111011010111011001100010011101011011100001101011111
011110001100010100101111010011110111110010111011001010111101110000101101110000001110010000110001110101001101001010001111001
001100011010110111010101010010101110010101000011011001111001000111110010011111000011100011110011010000010011010000111001000
110011010011110010010110010111001011110011011010001100101110111101010011111000001111101000101111101111101011110110101000110
011101101101001010001010001110001010110000110101110001010111001000111100111100100110001100111100000101001101010110111111001
101110110010111101010000111110011011101010111100100111001010011101110111010111000100100110000011000100110100011001010110000
010000110011100111010110100101110010101010001100110110010010011000011000100011000001101111011011110010111101100111001000010
000111100010100111110000001011010110100101101010100001000111110100111001011110001101001110101010001100110011001110110001010
111100111011011010110110001001110001111101100100011001100100101111111011000100111010111110001110110010011100001001101010100
110101001000000001111011110000101100110011010010111000011000110100110100101010000110111110101110010001100101101111010001010
010110111111100101011011110011010101001100111011101110011001111001011010100101000111101100000010011000111101101110100110001
101001101101011110101110111110011110000111111010011101011011100110101111100011010000110010010110101011100001011010001001101
100010011011111110010100011100111110011100001100010010010110001110101000010111111001011001110111101100100011001011000110101
101101111000001110001110100111001111010110010111000111000111001110011100011100110110011100011110101111000010101111101110011
000101110100101011100100000110101010111100100101111010111110000101110101001101111001010010010100111101010110000011011101010
111001001101101011110111100111101011011101101110101100011001100101100000001100000001110000001110111001110111101100010110001
110111110101100110110101001011110011011100110101001110110010011110010111011111100011010000011100110011001111110100001111100
111111000110010010110111000110110011110100111000010000100111100101011010010000110101110100110110000100110010100110100011011
110100110101100001110001100001110000001111100110010001010010111000100010011101011010011000011001001101111000111011011010000
001010011111011010011111100110110100100001101100100011000111010100101011101101110011101011010010100110101110100101110011001
011111010001111010010010100011010101100010111001110111100101100001111010001010100111001011010101110111110100001100000011100
101100100110000010010100111010101110010010011001010011100011101011011000011011101010111111001110000110011111000010111101011
011101101110101100011001100101100000001100000001110000001110111001001001011000011000100111100011001001110101001101000111011
100011011100011001001000011101011000101100011110101011101100111100010101001010110011000011101010001100000101001011011011010
110010110101110001100100011011001111001000111110010011001110001111001100010000000111111010010001110101010011110001000101111
010110001110001011101011010010011101100000001101111010111001110101111010010100011011101100011011000111001110100110100001011
000011001101010101111000101011101100101110000011011001011100011110001101111010101101111011011010101101010100101001011100110
101000011001111110100111000111001000110100110011001001011110000100101100111110000011010110010100111101000110010000100100000
111101110000011101111100101001100011011111101010010011101011000011000010100111000001111110100101000110100110000011110101000
110100011001000001100010111100001111100101100110001111100011000000010110101110110010101110000100011101001011101000100101111
100110011111000100011101001001001111101000110011101000001010100000110010011011010111100111101011011001001010010100100111101
111001101011011111011110101111000100101001000011011000111110001000110000011001000011001101011100100111101010001110011101100
000100001100111001110101111010001111110011000101100011010100110010110111011011101010110101100110000101100000110011010100010
110000010110101101100001111100011010110010010110011110101111000110000110100110011111100011001101010011100011110100001000110
001011000000110011100000111111000011101100011010101001001010000010100010110110111001001111101001101000101001010111001010010
100100000111010010110100101101101110101101111010100100110001010111110011010101111000110100011110111100110001101000100101011
110000110101111100001101100111011001110000011110011001110010010001110111100111001110101100110011110111100110111101101110101
011010111101001100010101101011110001101011010101110011000111010010100001101110100001100100100100011100101101001101110101110
110100111000110001100001100111110000110100101111000011111001010101001100110110100111011101001011011011110100110100110111110
010011101100000001101100100111000110010011100111101001000110010011100111110011101100001111110010110111000111110101010101101
100000011110110011101000100001101110011111110001101110011001100110011110111011111010101110010011100011000000110111010000100
111000000101010100110011101111011001001001010110001110100100101000101011010111010101011111011110001101001011011101010111100
011101111101000100110000010111001100111111100001110010010110101110101110011110011100010111010101011111011110100111100011101
010001010100010110110101111010100111111011100011001010100000101110111001111000101011001111010011100000011110010101001100011
001101001010001101010100101110000111100011101100000111000111000101011011110101001011110101110101001001011101010111110001001
011101101010101001110110011000101011001100011001111000001010101110010111101000010111101111110010100101010010101101011010100
100001101011001011110000111101101101000101111001100100110001011110010010011100111001011011100010101111111011010001011000011
001110110011010110111010101001110110101010101010010000100011000110111101010010111101110011101010000010111011111000111101100
100011001111001100011100011111010101101011110101100101010110000101100001000010011010101010011010100010111110000100111100101
011100000110101100000111111000101101111010100101111011000101010010111011110100001110100100101101110101100101000011110101011
001010011000011011100101110100110000101011010100011001110110110101001000111101010001110111101111011111001011000001111110001
011011011000111011001110111011011010101001001110100110111101010111010100111010101101111110100101101110110000111000101101110
001101110010010100101010010010101101011100100110011010011010111001110100001000011110100111110110101011011111001111100011110
001110001101010111000111101110001100100101100100101110000001110100111010110110100101000011010110110001111010000001110011110
010010010001101001000111000100001011011010000011010110010110101000011000111001111000110000001001010001111101100110111100001
110100110001111100101011111000101110110111001110101101001010011000111010010110101010111010110100111101010001100111011110111
101000110101011101001110010100111011010011101110000100001110001000010111111100011110000001010101000110101001011101111110010
101010001100111110001101100100000101101010101110111101011011110000011011100000111101110001100110011010100010110010101011100
101100111011001100011100010111100001001011111000111001110111011110011000011110101011100111010100000011011010100101010011011
101101000101001110101111111010001101000110010001101000111111010100001011010111001111001100111100001111010111011011000001011
001100011111110001011010010100010110000110100111011110000110100111001101001011111001110011100100011010001111000001111010100
101111001001100101000100110111011010101101101100101001110100100101111110110011010101101001100110101101101100101101101011010
010100111001010111110010011010001111100111100011011110101110001111000011010101110111110101101011000011101011001010011110001
111101111100110100001100111000010110011010000101011010011010011000011011110001010100111100010000011011010000001010011111011
010011111100101101000111100001010001010111101110011110010100101111011100111110100011111000111111101001011100001011010110011
111000011010000101111010101010101010110111001001111011001101001101010111001010100101011000101110000100110010010101110111011
011100111010110100111111001111000110101101111101001011101110011101011101010110111110000110000010110011111001011010011011000
111000101010100000110001111101000001101000010011010000100100000101001010010110101011101010101010101100110111010110100111011
001101110100011111110100000111010001110101100110101101111001010001001101101001110011010101001011111101110111110101100010100
10101011110000100111110011010110100001
